0 : 383	8
1 : 886	7
2 : 777	2
3 : 915	4
4 : 793	2
5 : 335	8
6 : 391	3
7 : 492	5
8 : 649	2
9 : 421	6
10 : 362	3
11 : 27	4
12 : 690	3
13 : 59	4
14 : 763	4
15 : 926	7
16 : 540	5
17 : 427	3
18 : 172	5
19 : 736	1
20 : 211	4
21 : 368	1
22 : 567	8
23 : 430	6
24 : 782	7
25 : 530	3
26 : 862	7
27 : 123	4
28 : 67	4
29 : 135	8
30 : 933	2
31 : 802	3
32 : 71	7
33 : 167	3
34 : 394	6
35 : 456	8
36 : 11	2
37 : 42	1
38 : 229	4
39 : 373	3
40 : 436	6
41 : 919	6
42 : 198	6
43 : 324	8
44 : 315	1
45 : 370	2
46 : 413	7
47 : 91	5
48 : 980	4
49 : 956	3
