0 : 383	492
1 : 649	763
2 : 926	540
3 : 426	211
4 : 368	567
5 : 429	929
6 : 802	58
7 : 69	11
8 : 42	229
9 : 373	198
10 : 324	370
11 : 413	980
12 : 956	863
13 : 170	305
14 : 925	336
15 : 505	895
16 : 582	434
17 : 364	750
18 : 87	788
19 : 584	584
20 : 403	399
21 : 932	932
22 : 60	94
23 : 539	467
24 : 601	756
25 : 301	286
26 : 441	730
27 : 31	771
28 : 481	927
29 : 568	683
30 : 219	624
31 : 528	732
32 : 829	715
33 : 340	796
34 : 723	921
35 : 555	193
36 : 500	34
37 : 765	765
38 : 125	858
39 : 743	227
40 : 365	437
41 : 230	860
42 : 395	818
43 : 428	443
44 : 765	765
45 : 613	538
46 : 606	371
47 : 917	743
48 : 470	499
49 : 772	644
